206
384
306
277
140
255
208
265
284
116
421
401
108
356
406
338
382
431
497
196
200
341
170
242
60
348
424
202
47
152
172
225
479
55
136
387
463
183
239
403
173
203
230
486
298
260
95
28
433
143
205
302
350
72
252
33
347
273
310
139
24
461
197
204
82
353
156
377
399
164
271
440
53
157
361
304
193
86
322
105
229
120
64
392
476
301
77
163
184
390
223
158
147
279
416
46
321
122
432
264
307
119
117
354
198
79
110
309
12
380
106
328
188
444
388
386
9
102
484
101
81
374
97
291
289
294
233
332
449
137
263
487
372
283
319
150
34
129
185
59
4
407
218
49
217
418
349
92
475
480
135
227
29
447
411
359
66
73
91
276
220
471
442
87
69
375
244
333
262
342
22
397
30
40
398
419
316
467
288
373
352
396
258
37
88
138
232
405
112
286
459
326
438
76
267
296
19
62
104
457
20
240
27
41
63
50
0
483
6
285
228
414
499
474
236
445
234
144
142
415
160
460
494
90
287
31
237
151
210
80
42
363
186
126
216
435
214
226
365
38
201
308
23
362
166
434
292
464
318
315
400
371
54
330
465
5
366
468
182
429
45
379
168
130
99
7
383
194
496
368
439
70
482
57
448
412
159
3
478
93
417
394
345
133
8
209
189
224
178
124
336
123
246
426
125
402
195
443
44
367
420
85
51
346
75
425
2
100
241
107
58
495
493
469
339
249
176
381
248
134
324
96
78
477
320
427
191
437
111
453
253
370
127
167
393
404
290
340
15
314
337
21
169
446
462
282
303
56
25
146
52
408
180
65
103
369
13
389
466
155
458
74
243
231
428
238
256
299
269
355
331
251
132
179
121
165
395
67
456
261
109
317
16
266
1
451
115
35
114
357
89
410
83
334
281
376
181
171
174
68
250
11
295
39
335
187
14
141
351
488
391
154
275
450
211
219
94
280
145
175
300
10
454
498
26
305
293
325
364
259
490
17
98
48
245
235
472
327
192
270
71
473
162
297
113
215
343
153
274
128
413
385
455
329
422
452
378
199
360
190
221
61
344
36
247
254
358
177
257
313
485
161
436
441
213
148
84
323
278
32
149
491
272
207
118
470
43
131
409
492
430
481
489
312
222
311
268
18
423
212
